  0   0   0   0   0   0   0   0   0   0   0   0   0   0   0   0
  0   0   0   0   0   0   0   0   0   0   0   0   0   0   0   0
  0   0   0   0   0   0   0   0   0   0   0   0   0   0   0   0
  0   0   0   0   0   0   3  12  12  12  12  12   0   0   0   0
  0   0   0   0   0   0  63 249 249 249 249 245  15   0   0   0
  0   0   0   0   0   0  64 255 255 255 255 250  15   0   0   0
  0   0   0   3  63  64  96 190 190 235 255 250  15   0   0   0
  0   0   0  12 249 255 190   0   0 180 255 250  15   0   0   0
  0   0   0  12 249 255 190   0   0 180 255 250  15   0   0   0
  0   0   0   3  72  74 100 180 180 233 255 250  15   0   0   0
  0   0   0   0   0   0  64 255 255 255 255 250  15   0   0   0
  0   0   0   0   0   0  63 250 250 250 250 246  15   0   0   0
  0   0   0   0   0   0   3  15  15  15  15  15   0   0   0   0
  0   0   0   0   0   0   0   0   0   0   0   0   0   0   0   0
  0   0   0   0   0   0   0   0   0   0   0   0   0   0   0   0
  0   0   0   0   0   0   0   0   0   0   0   0   0   0   0   0
  0   0   0   0   0   0   0   0   0   0   0   0   0   0   0   0
  0   0   0   0   0   0   0   0   0   0   0   0   0   0   0   0
  0   0   0   0   0   0   0   0   0   0   0   0   0   0   0   0
  0   0   0   0   0   0   3  12  12  12  12  12   0   0   0   0
  0   0   0   0   0   0  63 249 249 249 249 245  15   0   0   0
  0   0   0   0   0   0  64 255 255 255 255 250  15   0   0   0
  0   0   0   3  63  64  96 190 190 235 255 250  15   0   0   0
  0   0   0  12 249 255 190   0   0 180 255 250  15   0   0   0
  0   0   0  12 249 255 190   0   0 180 255 250  15   0   0   0
  0   0   0   3  72  74 100 180 180 233 255 250  15   0   0   0
  0   0   0   0   0   0  64 255 255 255 255 250  15   0   0   0
  0   0   0   0   0   0  63 250 250 250 250 246  15   0   0   0
  0   0   0   0   0   0   3  15  15  15  15  15   0   0   0   0
  0   0   0   0   0   0   0   0   0   0   0   0   0   0   0   0
  0   0   0   0   0   0   0   0   0   0   0   0   0   0   0   0
  0   0   0   0   0   0   0   0   0   0   0   0   0   0   0   0
  0   0   0   0   0   0   0   0   0   0   0   0   0   0   0   0
  0   0   0   0   0   0   0   0   0   0   0   0   0   0   0   0
  0   0   0   0   0   0   0   0   0   0   0   0   0   0   0   0
  0   0   0   0   0   0   3  12  12  12  12  12   0   0   0   0
  0   0   0   0   0   0  63 249 249 249 249 245  15   0   0   0
  0   0   0   0   0   0  64 255 255 255 255 250  15   0   0   0
  0   0   0   3  63  64  96 190 190 235 255 250  15   0   0   0
  0   0   0  12 249 255 190   0   0 180 255 250  15   0   0   0
  0   0   0  12 249 255 190   0   0 180 255 250  15   0   0   0
  0   0   0   3  72  74 100 180 180 233 255 250  15   0   0   0
  0   0   0   0   0   0  64 255 255 255 255 250  15   0   0   0
  0   0   0   0   0   0  63 250 250 250 250 246  15   0   0   0
  0   0   0   0   0   0   3  15  15  15  15  15   0   0   0   0
  0   0   0   0   0   0   0   0   0   0   0   0   0   0   0   0
  0   0   0   0   0   0   0   0   0   0   0   0   0   0   0   0
  0   0   0   0   0   0   0   0   0   0   0   0   0   0   0   0

  0   0   0   0   0   0   0   0   0   0   0   0   0   0   0   0
  0   0   0   0   0   0   0   0   0   0   0   0   0   0   0   0
  0   0   0   0   0   0   0   0   0   0   0   0   0   0   0   0
  0   0   0   1  14  14  14  14  14  14  14  14   1   0   0   0
  0   0   0  14 245 250 250 250 250 250 250 245  14   0   0   0
  0   0   0  14 250 255 255 255 255 255 255 250  14   0   0   0
  0   0   0  14 250 255 236 185 185 236 255 250  14   0   0   0
  0   0   0  14 250 255 185   0   0 185 255 250  14   0   0   0
  0   0   0  14 250 255 185   0   0 185 255 250  14   0   0   0
  0   0   0   4  68  69 101 185 185 101  69  68   4   0   0   0
  0   0   0   0   0   0  69 255 255  69   0   0   0   0   0   0
  0   0   0   0   0   0  68 250 250  68   0   0   0   0   0   0
  0   0   0   0   0   0   4  14  14   4   0   0   0   0   0   0
  0   0   0   0   0   0   0   0   0   0   0   0   0   0   0   0
  0   0   0   0   0   0   0   0   0   0   0   0   0   0   0   0
  0   0   0   0   0   0   0   0   0   0   0   0   0   0   0   0
  0   0   0   0   0   0   0   0   0   0   0   0   0   0   0   0
  0   0   0   0   0   0   0   0   0   0   0   0   0   0   0   0
  0   0   0   0   0   0   0   0   0   0   0   0   0   0   0   0
  0   0   0   1  14  14  14  14  14  14  14  14   1   0   0   0
  0   0   0  14 245 250 250 250 250 250 250 245  14   0   0   0
  0   0   0  14 250 255 255 255 255 255 255 250  14   0   0   0
  0   0   0  14 250 255 236 185 185 236 255 250  14   0   0   0
  0   0   0  14 250 255 185   0   0 185 255 250  14   0   0   0
  0   0   0  14 250 255 185   0   0 185 255 250  14   0   0   0
  0   0   0   4  68  69 101 185 185 101  69  68   4   0   0   0
  0   0   0   0   0   0  69 255 255  69   0   0   0   0   0   0
  0   0   0   0   0   0  68 250 250  68   0   0   0   0   0   0
  0   0   0   0   0   0   4  14  14   4   0   0   0   0   0   0
  0   0   0   0   0   0   0   0   0   0   0   0   0   0   0   0
  0   0   0   0   0   0   0   0   0   0   0   0   0   0   0   0
  0   0   0   0   0   0   0   0   0   0   0   0   0   0   0   0
  0   0   0   0   0   0   0   0   0   0   0   0   0   0   0   0
  0   0   0   0   0   0   0   0   0   0   0   0   0   0   0   0
  0   0   0   0   0   0   0   0   0   0   0   0   0   0   0   0
  0   0   0   1  14  14  14  14  14  14  14  14   1   0   0   0
  0   0   0  14 245 250 250 250 250 250 250 245  14   0   0   0
  0   0   0  14 250 255 255 255 255 255 255 250  14   0   0   0
  0   0   0  14 250 255 236 185 185 236 255 250  14   0   0   0
  0   0   0  14 250 255 185   0   0 185 255 250  14   0   0   0
  0   0   0  14 250 255 185   0   0 185 255 250  14   0   0   0
  0   0   0   4  68  69 101 185 185 101  69  68   4   0   0   0
  0   0   0   0   0   0  69 255 255  69   0   0   0   0   0   0
  0   0   0   0   0   0  68 250 250  68   0   0   0   0   0   0
  0   0   0   0   0   0   4  14  14   4   0   0   0   0   0   0
  0   0   0   0   0   0   0   0   0   0   0   0   0   0   0   0
  0   0   0   0   0   0   0   0   0   0   0   0   0   0   0   0
  0   0   0   0   0   0   0   0   0   0   0   0   0   0   0   0

  0   0   0   0   0   0   0   0   0   0   0   0   0   0   0   0
  0   0   0   0   0   0   0   0   0   0   0   0   0   0   0   0
  0   0   0   0   0   0   0   0   0   0   0   0   0   0   0   0
  0   0   0   1  14  14  14  14  14   4   0   0   0   0   0   0
  0   0   0  14 245 250 250 250 250  68   0   0   0   0   0   0
  0   0   0  14 250 255 255 255 255  69   0   0   0   0   0   0
  0   0   0  14 250 255 236 185 185 101  69  68   4   0   0   0
  0   0   0  14 250 255 185   0   0 185 255 250  14   0   0   0
  0   0   0  14 250 255 185   0   0 185 255 250  14   0   0   0
  0   0   0  14 250 255 236 185 185 101  69  68   4   0   0   0
  0   0   0  14 250 255 255 255 255  69   0   0   0   0   0   0
  0   0   0  14 245 250 250 250 250  68   0   0   0   0   0   0
  0   0   0   1  14  14  14  14  14   4   0   0   0   0   0   0
  0   0   0   0   0   0   0   0   0   0   0   0   0   0   0   0
  0   0   0   0   0   0   0   0   0   0   0   0   0   0   0   0
  0   0   0   0   0   0   0   0   0   0   0   0   0   0   0   0
  0   0   0   0   0   0   0   0   0   0   0   0   0   0   0   0
  0   0   0   0   0   0   0   0   0   0   0   0   0   0   0   0
  0   0   0   0   0   0   0   0   0   0   0   0   0   0   0   0
  0   0   0   1  14  14  14  14  14   4   0   0   0   0   0   0
  0   0   0  14 245 250 250 250 250  68   0   0   0   0   0   0
  0   0   0  14 250 255 255 255 255  69   0   0   0   0   0   0
  0   0   0  14 250 255 236 185 185 101  69  68   4   0   0   0
  0   0   0  14 250 255 185   0   0 185 255 250  14   0   0   0
  0   0   0  14 250 255 185   0   0 185 255 250  14   0   0   0
  0   0   0  14 250 255 236 185 185 101  69  68   4   0   0   0
  0   0   0  14 250 255 255 255 255  69   0   0   0   0   0   0
  0   0   0  14 245 250 250 250 250  68   0   0   0   0   0   0
  0   0   0   1  14  14  14  14  14   4   0   0   0   0   0   0
  0   0   0   0   0   0   0   0   0   0   0   0   0   0   0   0
  0   0   0   0   0   0   0   0   0   0   0   0   0   0   0   0
  0   0   0   0   0   0   0   0   0   0   0   0   0   0   0   0
  0   0   0   0   0   0   0   0   0   0   0   0   0   0   0   0
  0   0   0   0   0   0   0   0   0   0   0   0   0   0   0   0
  0   0   0   0   0   0   0   0   0   0   0   0   0   0   0   0
  0   0   0   1  14  14  14  14  14   4   0   0   0   0   0   0
  0   0   0  14 245 250 250 250 250  68   0   0   0   0   0   0
  0   0   0  14 250 255 255 255 255  69   0   0   0   0   0   0
  0   0   0  14 250 255 236 185 185 101  69  68   4   0   0   0
  0   0   0  14 250 255 185   0   0 185 255 250  14   0   0   0
  0   0   0  14 250 255 185   0   0 185 255 250  14   0   0   0
  0   0   0  14 250 255 236 185 185 101  69  68   4   0   0   0
  0   0   0  14 250 255 255 255 255  69   0   0   0   0   0   0
  0   0   0  14 245 250 250 250 250  68   0   0   0   0   0   0
  0   0   0   1  14  14  14  14  14   4   0   0   0   0   0   0
  0   0   0   0   0   0   0   0   0   0   0   0   0   0   0   0
  0   0   0   0   0   0   0   0   0   0   0   0   0   0   0   0
  0   0   0   0   0   0   0   0   0   0   0   0   0   0   0   0

  0   0   0   0   0   0   0   0   0   0   0   0   0   0   0   0
  0   0   0   0   0   0   0   0   0   0   0   0   0   0   0   0
  0   0   0   0   0   0   0   0   0   0   0   0   0   0   0   0
  0   0   0   0   0   0   4  14  14   4   0   0   0   0   0   0
  0   0   0   0   0   0  68 250 250  68   0   0   0   0   0   0
  0   0   0   0   0   0  69 255 255  69   0   0   0   0   0   0
  0   0   0   4  68  69 101 185 185 101  69  68   4   0   0   0
  0   0   0  14 250 255 185   0   0 185 255 250  14   0   0   0
  0   0   0  14 250 255 185   0   0 185 255 250  14   0   0   0
  0   0   0  14 250 255 236 185 185 236 255 250  14   0   0   0
  0   0   0  14 250 255 255 255 255 255 255 250  14   0   0   0
  0   0   0  14 245 250 250 250 250 250 250 245  14   0   0   0
  0   0   0   1  14  14  14  14  14  14  14  14   1   0   0   0
  0   0   0   0   0   0   0   0   0   0   0   0   0   0   0   0
  0   0   0   0   0   0   0   0   0   0   0   0   0   0   0   0
  0   0   0   0   0   0   0   0   0   0   0   0   0   0   0   0
  0   0   0   0   0   0   0   0   0   0   0   0   0   0   0   0
  0   0   0   0   0   0   0   0   0   0   0   0   0   0   0   0
  0   0   0   0   0   0   0   0   0   0   0   0   0   0   0   0
  0   0   0   0   0   0   4  14  14   4   0   0   0   0   0   0
  0   0   0   0   0   0  68 250 250  68   0   0   0   0   0   0
  0   0   0   0   0   0  69 255 255  69   0   0   0   0   0   0
  0   0   0   4  68  69 101 185 185 101  69  68   4   0   0   0
  0   0   0  14 250 255 185   0   0 185 255 250  14   0   0   0
  0   0   0  14 250 255 185   0   0 185 255 250  14   0   0   0
  0   0   0  14 250 255 236 185 185 236 255 250  14   0   0   0
  0   0   0  14 250 255 255 255 255 255 255 250  14   0   0   0
  0   0   0  14 245 250 250 250 250 250 250 245  14   0   0   0
  0   0   0   1  14  14  14  14  14  14  14  14   1   0   0   0
  0   0   0   0   0   0   0   0   0   0   0   0   0   0   0   0
  0   0   0   0   0   0   0   0   0   0   0   0   0   0   0   0
  0   0   0   0   0   0   0   0   0   0   0   0   0   0   0   0
  0   0   0   0   0   0   0   0   0   0   0   0   0   0   0   0
  0   0   0   0   0   0   0   0   0   0   0   0   0   0   0   0
  0   0   0   0   0   0   0   0   0   0   0   0   0   0   0   0
  0   0   0   0   0   0   4  14  14   4   0   0   0   0   0   0
  0   0   0   0   0   0  68 250 250  68   0   0   0   0   0   0
  0   0   0   0   0   0  69 255 255  69   0   0   0   0   0   0
  0   0   0   4  68  69 101 185 185 101  69  68   4   0   0   0
  0   0   0  14 250 255 185   0   0 185 255 250  14   0   0   0
  0   0   0  14 250 255 185   0   0 185 255 250  14   0   0   0
  0   0   0  14 250 255 236 185 185 236 255 250  14   0   0   0
  0   0   0  14 250 255 255 255 255 255 255 250  14   0   0   0
  0   0   0  14 245 250 250 250 250 250 250 245  14   0   0   0
  0   0   0   1  14  14  14  14  14  14  14  14   1   0   0   0
  0   0   0   0   0   0   0   0   0   0   0   0   0   0   0   0
  0   0   0   0   0   0   0   0   0   0   0   0   0   0   0   0
  0   0   0   0   0   0   0   0   0   0   0   0   0   0   0   0
