  0   0   0   0   0   0   0   0   0   0   0   0   0   0   0   0
  0   0   0   0   0   0   0   0   0   0   0   0   0   0   0   0
  0   0   0   0   0   0   0   0   0   0   0   0   0   0   0   0
  0   0   0   0   0   0   3  12  12  12  12  12   0   0   0   0
  0   0   0   0   0   0  63 249 249 249 249 245  15   0   0   0
  0   0   0   0   0   0  64 255 255 255 255 250  15   0   0   0
  0   0   0   0   0   0  64 255 255 255 255 250  15   0   0   0
  0   0   0   0   0   0  64 255 255 255 255 250  15   0   0   0
  0   0   0   0   0   0  64 255 255 255 255 250  15   0   0   0
  0   0   0   0   0   0  64 255 255 255 255 250  15   0   0   0
  0   0   0   0   0   0  64 255 255 255 255 250  15   0   0   0
  0   0   0   0   0   0  63 250 250 250 250 246  15   0   0   0
  0   0   0   0   0   0   3  15  15  15  15  15   0   0   0   0
  0   0   0   0   0   0   0   0   0   0   0   0   0   0   0   0
  0   0   0   0   0   0   0   0   0   0   0   0   0   0   0   0
  0   0   0   0   0   0   0   0   0   0   0   0   0   0   0   0
  0   0   0   0   0   0   0   0   0   0   0   0   0   0   0   0
  0   0   0   0   0   0   0   0   0   0   0   0   0   0   0   0
  0   0   0   0   0   0   0   0   0   0   0   0   0   0   0   0
  0   0   0   0   0   0   3  12  12  12  12  12   0   0   0   0
  0   0   0   0   0   0  63 249 249 249 249 245  15   0   0   0
  0   0   0   0   0   0  64 255 255 255 255 250  15   0   0   0
  0   0   0   0   0   0  64 255 255 255 255 250  15   0   0   0
  0   0   0   0   0   0  64 255 255 255 255 250  15   0   0   0
  0   0   0   0   0   0  64 255 255 255 255 250  15   0   0   0
  0   0   0   0   0   0  64 255 255 255 255 250  15   0   0   0
  0   0   0   0   0   0  64 255 255 255 255 250  15   0   0   0
  0   0   0   0   0   0  63 250 250 250 250 246  15   0   0   0
  0   0   0   0   0   0   3  15  15  15  15  15   0   0   0   0
  0   0   0   0   0   0   0   0   0   0   0   0   0   0   0   0
  0   0   0   0   0   0   0   0   0   0   0   0   0   0   0   0
  0   0   0   0   0   0   0   0   0   0   0   0   0   0   0   0
  0   0   0   0   0   0   0   0   0   0   0   0   0   0   0   0
  0   0   0   0   0   0   0   0   0   0   0   0   0   0   0   0
  0   0   0   0   0   0   0   0   0   0   0   0   0   0   0   0
  0   0   0   0   0   0   3  12  12  12  12  12   0   0   0   0
  0   0   0   0   0   0  63 249 249 249 249 245  15   0   0   0
  0   0   0   0   0   0  64 255 255 255 255 250  15   0   0   0
  0   0   0   0   0   0  64 255 255 255 255 250  15   0   0   0
  0   0   0   0   0   0  64 255 255 255 255 250  15   0   0   0
  0   0   0   0   0   0  64 255 255 255 255 250  15   0   0   0
  0   0   0   0   0   0  64 255 255 255 255 250  15   0   0   0
  0   0   0   0   0   0  64 255 255 255 255 250  15   0   0   0
  0   0   0   0   0   0  63 250 250 250 250 246  15   0   0   0
  0   0   0   0   0   0   3  15  15  15  15  15   0   0   0   0
  0   0   0   0   0   0   0   0   0   0   0   0   0   0   0   0
  0   0   0   0   0   0   0   0   0   0   0   0   0   0   0   0
  0   0   0   0   0   0   0   0   0   0   0   0   0   0   0   0

  0   0   0   0   0   0   0   0   0   0   0   0   0   0   0   0
  0   0   0   0   0   0   0   0   0   0   0   0   0   0   0   0
  0   0   0   0   0   0   0   0   0   0   0   0   0   0   0   0
  0   0   0   1  14  14  14  14  14  14  14  14   1   0   0   0
  0   0   0  14 245 250 250 250 250 250 250 245  14   0   0   0
  0   0   0  14 250 255 255 255 255 255 255 250  14   0   0   0
  0   0   0  14 250 255 255 255 255 255 255 250  14   0   0   0
  0   0   0  14 250 255 255 255 255 255 255 250  14   0   0   0
  0   0   0  14 250 255 255 255 255 255 255 250  14   0   0   0
  0   0   0   4  68  69  69  69  69  69  69  68   4   0   0   0
  0   0   0   0   0   0   0   0   0   0   0   0   0   0   0   0
  0   0   0   0   0   0   0   0   0   0   0   0   0   0   0   0
  0   0   0   0   0   0   0   0   0   0   0   0   0   0   0   0
  0   0   0   0   0   0   0   0   0   0   0   0   0   0   0   0
  0   0   0   0   0   0   0   0   0   0   0   0   0   0   0   0
  0   0   0   0   0   0   0   0   0   0   0   0   0   0   0   0
  0   0   0   0   0   0   0   0   0   0   0   0   0   0   0   0
  0   0   0   0   0   0   0   0   0   0   0   0   0   0   0   0
  0   0   0   0   0   0   0   0   0   0   0   0   0   0   0   0
  0   0   0   1  14  14  14  14  14  14  14  14   1   0   0   0
  0   0   0  14 245 250 250 250 250 250 250 245  14   0   0   0
  0   0   0  14 250 255 255 255 255 255 255 250  14   0   0   0
  0   0   0  14 250 255 255 255 255 255 255 250  14   0   0   0
  0   0   0  14 250 255 255 255 255 255 255 250  14   0   0   0
  0   0   0  14 250 255 255 255 255 255 255 250  14   0   0   0
  0   0   0   4  68  69  69  69  69  69  69  68   4   0   0   0
  0   0   0   0   0   0   0   0   0   0   0   0   0   0   0   0
  0   0   0   0   0   0   0   0   0   0   0   0   0   0   0   0
  0   0   0   0   0   0   0   0   0   0   0   0   0   0   0   0
  0   0   0   0   0   0   0   0   0   0   0   0   0   0   0   0
  0   0   0   0   0   0   0   0   0   0   0   0   0   0   0   0
  0   0   0   0   0   0   0   0   0   0   0   0   0   0   0   0
  0   0   0   0   0   0   0   0   0   0   0   0   0   0   0   0
  0   0   0   0   0   0   0   0   0   0   0   0   0   0   0   0
  0   0   0   0   0   0   0   0   0   0   0   0   0   0   0   0
  0   0   0   1  14  14  14  14  14  14  14  14   1   0   0   0
  0   0   0  14 245 250 250 250 250 250 250 245  14   0   0   0
  0   0   0  14 250 255 255 255 255 255 255 250  14   0   0   0
  0   0   0  14 250 255 255 255 255 255 255 250  14   0   0   0
  0   0   0  14 250 255 255 255 255 255 255 250  14   0   0   0
  0   0   0  14 250 255 255 255 255 255 255 250  14   0   0   0
  0   0   0   4  68  69  69  69  69  69  69  68   4   0   0   0
  0   0   0   0   0   0   0   0   0   0   0   0   0   0   0   0
  0   0   0   0   0   0   0   0   0   0   0   0   0   0   0   0
  0   0   0   0   0   0   0   0   0   0   0   0   0   0   0   0
  0   0   0   0   0   0   0   0   0   0   0   0   0   0   0   0
  0   0   0   0   0   0   0   0   0   0   0   0   0   0   0   0
  0   0   0   0   0   0   0   0   0   0   0   0   0   0   0   0

  0   0   0   0   0   0   0   0   0   0   0   0   0   0   0   0
  0   0   0   0   0   0   0   0   0   0   0   0   0   0   0   0
  0   0   0   0   0   0   0   0   0   0   0   0   0   0   0   0
  0   0   0   1  14  14  14  14  14   4   0   0   0   0   0   0
  0   0   0  14 245 250 250 250 250  68   0   0   0   0   0   0
  0   0   0  14 250 255 255 255 255  69   0   0   0   0   0   0
  0   0   0  14 250 255 255 255 255  69   0   0   0   0   0   0
  0   0   0  14 250 255 255 255 255  69   0   0   0   0   0   0
  0   0   0  14 250 255 255 255 255  69   0   0   0   0   0   0
  0   0   0  14 250 255 255 255 255  69   0   0   0   0   0   0
  0   0   0  14 250 255 255 255 255  69   0   0   0   0   0   0
  0   0   0  14 245 250 250 250 250  68   0   0   0   0   0   0
  0   0   0   1  14  14  14  14  14   4   0   0   0   0   0   0
  0   0   0   0   0   0   0   0   0   0   0   0   0   0   0   0
  0   0   0   0   0   0   0   0   0   0   0   0   0   0   0   0
  0   0   0   0   0   0   0   0   0   0   0   0   0   0   0   0
  0   0   0   0   0   0   0   0   0   0   0   0   0   0   0   0
  0   0   0   0   0   0   0   0   0   0   0   0   0   0   0   0
  0   0   0   0   0   0   0   0   0   0   0   0   0   0   0   0
  0   0   0   1  14  14  14  14  14   4   0   0   0   0   0   0
  0   0   0  14 245 250 250 250 250  68   0   0   0   0   0   0
  0   0   0  14 250 255 255 255 255  69   0   0   0   0   0   0
  0   0   0  14 250 255 255 255 255  69   0   0   0   0   0   0
  0   0   0  14 250 255 255 255 255  69   0   0   0   0   0   0
  0   0   0  14 250 255 255 255 255  69   0   0   0   0   0   0
  0   0   0  14 250 255 255 255 255  69   0   0   0   0   0   0
  0   0   0  14 250 255 255 255 255  69   0   0   0   0   0   0
  0   0   0  14 245 250 250 250 250  68   0   0   0   0   0   0
  0   0   0   1  14  14  14  14  14   4   0   0   0   0   0   0
  0   0   0   0   0   0   0   0   0   0   0   0   0   0   0   0
  0   0   0   0   0   0   0   0   0   0   0   0   0   0   0   0
  0   0   0   0   0   0   0   0   0   0   0   0   0   0   0   0
  0   0   0   0   0   0   0   0   0   0   0   0   0   0   0   0
  0   0   0   0   0   0   0   0   0   0   0   0   0   0   0   0
  0   0   0   0   0   0   0   0   0   0   0   0   0   0   0   0
  0   0   0   1  14  14  14  14  14   4   0   0   0   0   0   0
  0   0   0  14 245 250 250 250 250  68   0   0   0   0   0   0
  0   0   0  14 250 255 255 255 255  69   0   0   0   0   0   0
  0   0   0  14 250 255 255 255 255  69   0   0   0   0   0   0
  0   0   0  14 250 255 255 255 255  69   0   0   0   0   0   0
  0   0   0  14 250 255 255 255 255  69   0   0   0   0   0   0
  0   0   0  14 250 255 255 255 255  69   0   0   0   0   0   0
  0   0   0  14 250 255 255 255 255  69   0   0   0   0   0   0
  0   0   0  14 245 250 250 250 250  68   0   0   0   0   0   0
  0   0   0   1  14  14  14  14  14   4   0   0   0   0   0   0
  0   0   0   0   0   0   0   0   0   0   0   0   0   0   0   0
  0   0   0   0   0   0   0   0   0   0   0   0   0   0   0   0
  0   0   0   0   0   0   0   0   0   0   0   0   0   0   0   0

  0   0   0   0   0   0   0   0   0   0   0   0   0   0   0   0
  0   0   0   0   0   0   0   0   0   0   0   0   0   0   0   0
  0   0   0   0   0   0   0   0   0   0   0   0   0   0   0   0
  0   0   0   0   0   0   0   0   0   0   0   0   0   0   0   0
  0   0   0   0   0   0   0   0   0   0   0   0   0   0   0   0
  0   0   0   0   0   0   0   0   0   0   0   0   0   0   0   0
  0   0   0   4  68  69  69  69  69  69  69  68   4   0   0   0
  0   0   0  14 250 255 255 255 255 255 255 250  14   0   0   0
  0   0   0  14 250 255 255 255 255 255 255 250  14   0   0   0
  0   0   0  14 250 255 255 255 255 255 255 250  14   0   0   0
  0   0   0  14 250 255 255 255 255 255 255 250  14   0   0   0
  0   0   0  14 245 250 250 250 250 250 250 245  14   0   0   0
  0   0   0   1  14  14  14  14  14  14  14  14   1   0   0   0
  0   0   0   0   0   0   0   0   0   0   0   0   0   0   0   0
  0   0   0   0   0   0   0   0   0   0   0   0   0   0   0   0
  0   0   0   0   0   0   0   0   0   0   0   0   0   0   0   0
  0   0   0   0   0   0   0   0   0   0   0   0   0   0   0   0
  0   0   0   0   0   0   0   0   0   0   0   0   0   0   0   0
  0   0   0   0   0   0   0   0   0   0   0   0   0   0   0   0
  0   0   0   0   0   0   0   0   0   0   0   0   0   0   0   0
  0   0   0   0   0   0   0   0   0   0   0   0   0   0   0   0
  0   0   0   0   0   0   0   0   0   0   0   0   0   0   0   0
  0   0   0   4  68  69  69  69  69  69  69  68   4   0   0   0
  0   0   0  14 250 255 255 255 255 255 255 250  14   0   0   0
  0   0   0  14 250 255 255 255 255 255 255 250  14   0   0   0
  0   0   0  14 250 255 255 255 255 255 255 250  14   0   0   0
  0   0   0  14 250 255 255 255 255 255 255 250  14   0   0   0
  0   0   0  14 245 250 250 250 250 250 250 245  14   0   0   0
  0   0   0   1  14  14  14  14  14  14  14  14   1   0   0   0
  0   0   0   0   0   0   0   0   0   0   0   0   0   0   0   0
  0   0   0   0   0   0   0   0   0   0   0   0   0   0   0   0
  0   0   0   0   0   0   0   0   0   0   0   0   0   0   0   0
  0   0   0   0   0   0   0   0   0   0   0   0   0   0   0   0
  0   0   0   0   0   0   0   0   0   0   0   0   0   0   0   0
  0   0   0   0   0   0   0   0   0   0   0   0   0   0   0   0
  0   0   0   0   0   0   0   0   0   0   0   0   0   0   0   0
  0   0   0   0   0   0   0   0   0   0   0   0   0   0   0   0
  0   0   0   0   0   0   0   0   0   0   0   0   0   0   0   0
  0   0   0   4  68  69  69  69  69  69  69  68   4   0   0   0
  0   0   0  14 250 255 255 255 255 255 255 250  14   0   0   0
  0   0   0  14 250 255 255 255 255 255 255 250  14   0   0   0
  0   0   0  14 250 255 255 255 255 255 255 250  14   0   0   0
  0   0   0  14 250 255 255 255 255 255 255 250  14   0   0   0
  0   0   0  14 245 250 250 250 250 250 250 245  14   0   0   0
  0   0   0   1  14  14  14  14  14  14  14  14   1   0   0   0
  0   0   0   0   0   0   0   0   0   0   0   0   0   0   0   0
  0   0   0   0   0   0   0   0   0   0   0   0   0   0   0   0
  0   0   0   0   0   0   0   0   0   0   0   0   0   0   0   0
